DD057FC 5 7 3.40 154 581.40
AE225CK 5 8 7.80 111 405.90, 129 483.83
RR307ZD 3 5 16.10 144 625.00
HR806TL 3 10 24.60 104 345.00, 162 744.30, 126 459.30, 136 590.60, 144 199.62
QP698ZX 3 8 31.20 144 406.80, 162 805.60, 82 107.65
MN101BS 8 9 39.30 104 607.40, 79 335.73
YN131MR 7 10 43.30 100 831.70, 126 477.51
QA295ND 5 7 48.50 151 510.20, 82 155.30
KC588GH 4 7 50.90 176 467.70, 158 388.25
TZ248HD 5 9 52.10 172 323.20, 129 453.40, 79 327.00, 129 443.64
DR892QA 8 9 61.30 140 555.30, 118 101.33
DY143VM 7 8 66.50 129 138.89
XA037DM 7 9 71.60 104 345.80, 126 342.60, 90 319.24
DS170QZ 7 9 74.20 133 444.40, 183 265.84
NQ587QY 6 10 82.70 154 377.60, 90 389.00, 172 500.81
GD431QZ 7 9 88.70 154 338.40, 118 468.15
QR020MJ 3 4 91.20 90 400.00
VD294XT 3 7 97.50 100 721.70, 82 497.10, 172 382.50
ZX912HN 5 9 106.00 129 862.20, 111 772.94
AE105FA 6 10 108.80 151 788.50, 183 331.04
FZ849RW 5 7 110.70 183 341.00, 126 217.40
MF294BM 7 8 116.80 93 192.31
FA734YL 6 8 124.90 108 436.20, 158 43.50
HQ442ZR 6 10 128.60 176 453.00, 90 337.80, 115 502.30, 86 136.88
CB790QH 4 8 138.30 147 587.60, 180 418.18
FD291QB 5 7 141.40 79 511.30, 93 482.60, 118 36.52
WV324NA 5 10 146.20 140 747.10, 118 580.70, 118 326.00, 100 212.25
NR041PV 8 10 155.80 180 300.70, 100 538.70, 82 212.26
AM959JF 7 10 162.40 136 525.10, 129 556.86
TD453MY 9 10 168.80 136 263.16
HH273RH 4 6 170.00 90 556.70, 111 518.81
RH320BM 8 9 172.20 147 609.76
LM288HK 1 6 175.10 187 382.20, 79 860.70, 122 568.10, 133 185.84
BB963CJ 8 10 178.40 162 582.60, 97 325.30
BD077WK 1 6 186.00 111 462.50, 97 366.20, 111 435.10, 169 580.60
WD904KK 6 7 190.50 111 322.58
DW384GR 9 10 197.30 176 204.08
TS719RE 3 5 203.10 97 741.00, 108 166.43
NF137RC 5 6 208.40 111 471.30, 169 8.30
RH493SA 4 7 209.90 133 674.10, 165 327.37
NC776TL 3 10 218.20 165 875.50, 129 549.70, 97 476.90, 154 396.79
DR857KM 8 9 219.70 90 718.10, 122 207.29
LE226SV 9 10 227.50 97 370.37
GG382CE 6 10 235.70 180 605.70, 100 468.70, 115 206.00
DS868VN 2 7 238.80 136 331.50, 154 584.50, 169 473.83
WA894EP 6 7 240.70 90 400.00
HB593HZ 8 9 246.40 79 456.50, 108 466.00, 144 24.42
VC381YT 7 9 253.20 111 610.60, 93 425.85
ZJ160MH 4 7 254.10 90 398.50, 136 790.47
EF392PS 6 10 260.60 90 612.90, 133 603.90, 172 256.96
SW447HD 1 7 270.30 118 698.80, 129 745.70, 147 324.50, 82 512.65
SR149TQ 2 7 275.70 140 470.90, 93 890.90, 108 615.73
PS127VQ 9 10 276.70 144 250.00
CB903VP 6 9 277.30 108 615.00, 126 537.10, 172 57.33
JH540NQ 3 8 285.40 144 564.10, 115 596.30, 147 325.73
WW381SQ 1 3 287.10 100 543.00, 187 188.38
HN889QX 7 8 291.80 82 217.39
QM431TA 2 10 300.10 144 435.80, 104 405.20, 162 754.90, 118 555.30, 100 661.57
VJ460JT 4 10 301.10 136 813.20, 104 558.60, 172 568.50, 187 107.92
ZF830YV 8 10 304.40 180 332.60, 169 390.85
WT498VQ 7 8 305.60 180 100.00
MC396SB 9 10 315.20 115 312.50
TA051CS 3 4 322.70 115 312.50
PB608AZ 1 2 324.30 97 417.30, 129 103.69
NC911EQ 2 9 333.50 108 432.30, 126 311.50, 147 685.20, 86 583.80, 118 523.60, 90 269.88
PR413GT 7 10 343.40 154 489.20, 93 729.42
QN627MX 8 9 350.70 172 520.83
VF439HQ 8 10 356.50 183 575.00, 154 131.98
PF778RB 6 7 360.70 151 238.10
AG412KR 7 10 365.40 169 810.90, 136 49.68
MJ783VX 7 9 374.30 151 714.29
FC816ZF 3 8 379.50 111 541.20, 86 322.90, 162 372.70, 93 527.04
MD217LG 9 10 388.20 118 303.03
BR012JB 3 7 396.50 118 337.30, 104 860.30, 115 435.06
LX029XN 8 9 400.70 79 805.70, 129 202.08
JY496FL 3 8 408.30 122 770.40, 82 686.00, 183 255.47
LD427XA 7 10 409.70 108 730.60, 111 583.29
JP045DE 2 5 418.30 129 355.70, 79 480.40, 172 242.23
KW867CG 1 6 425.50 111 535.90, 180 448.90, 100 745.90, 162 112.40
EK140VR 9 10 426.70 136 263.16
VW624PL 1 4 428.20 108 811.50, 151 253.69
JT490BA 2 7 434.30 97 782.50, 180 340.00, 147 533.49
DT712WZ 8 9 437.20 183 308.20, 104 320.07
JH278SY 9 10 445.80 79 454.55
HM923SN 5 9 449.90 82 482.50, 118 468.60, 176 368.30, 187 199.88
HN541NA 1 2 451.90 176 306.12
KJ302LM 3 4 453.60 162 222.22
DP438LQ 2 9 459.70 118 544.30, 104 554.20, 140 508.50, 122 857.00, 180 139.98
YF345AR 5 7 467.00 133 675.68
SP300BL 8 9 475.70 144 625.00
GK234QF 3 7 481.90 122 853.30, 82 887.70, 122 16.79
DA368VR 5 7 483.70 136 657.89
QV896EH 2 6 491.40 97 691.70, 111 870.70, 129 120.39
DP936EL 8 9 493.90 180 500.00
PL021YN 2 3 494.50 104 344.83
FH331ZA 5 7 503.40 86 442.50, 133 388.65
MG673EG 1 10 511.50 136 807.00, 183 871.90, 118 844.70, 122 329.00, 122 23.74
GN679PT 6 10 512.90 86 461.40, 126 317.60, 126 404.20, 158 310.55
VC869ML 7 8 521.00 82 217.39
XE295SX 2 4 528.40 82 576.70, 187 129.54
XZ147PK 4 10 530.60 79 368.80, 118 815.70, 183 674.50, 154 245.81